MODEL_NAME qel_rfg_rpa
pL from  0  to  1.5  2.52161e-47  1.58875e-46  4.01344e-46  7.05498e-46  8.16169e-46  4.21301e-46  5.47152e-47  1.37793e-50  
pL from  1.5  to  2.5  6.72428e-47  3.97325e-46  8.77326e-46  1.30855e-45  1.37872e-45  8.88659e-46  1.75324e-46  1.9291e-49  
pL from  2.5  to  3.5  9.27344e-47  5.34635e-46  1.12894e-45  1.55382e-45  1.50439e-45  8.09325e-46  1.33022e-46  4.20268e-49  
pL from  3.5  to  4.5  5.80107e-47  3.10309e-46  6.60509e-46  8.38744e-46  7.22895e-46  3.30943e-46  5.44281e-47  4.44381e-49  
pL from  4.5  to  5.5  1.99799e-47  9.97619e-47  2.09927e-46  2.64355e-46  2.30562e-46  1.17158e-46  2.70763e-47  4.99498e-49  
pL from  5.5  to  7.5  7.09632e-48  3.93742e-47  8.11599e-47  1.09545e-46  1.03603e-46  5.97848e-47  1.73188e-47  4.80552e-49  
pL from  7.5  to  10  3.16923e-48  2.30114e-47  4.50858e-47  6.22547e-47  5.90717e-47  3.64875e-47  1.06927e-47  3.40348e-49  
pL from  10  to  30  7.4408e-49  4.70906e-48  9.93829e-48  1.29181e-47  1.24065e-47  7.53381e-48  2.41482e-48  9.23211e-50  
MODEL_NAME qel_rfg_norpa
pL from  0  to  1.5  3.62601e-47  2.17366e-46  4.88101e-46  7.40755e-46  8.02849e-46  4.13928e-46  5.19841e-47  4.8606e-51  
pL from  1.5  to  2.5  9.92291e-47  5.51192e-46  1.0991e-45  1.40036e-45  1.37488e-45  8.57264e-46  1.65576e-46  2.005e-49  
pL from  2.5  to  3.5  1.41443e-46  7.67658e-46  1.41261e-45  1.73975e-45  1.52212e-45  7.74694e-46  1.25057e-46  5.32235e-49  
pL from  3.5  to  4.5  9.01884e-47  4.6669e-46  8.29121e-46  9.38047e-46  7.30256e-46  3.10264e-46  5.01249e-47  4.84845e-49  
pL from  4.5  to  5.5  2.7997e-47  1.48078e-46  2.61889e-46  2.89303e-46  2.3535e-46  1.1115e-46  2.51171e-47  4.84845e-49  
pL from  5.5  to  7.5  1.07541e-47  5.81084e-47  1.0364e-46  1.26205e-46  1.04734e-46  5.83089e-47  1.60217e-47  4.13758e-49  
pL from  7.5  to  10  6.15352e-48  2.97177e-47  5.70731e-47  6.7397e-47  5.63149e-47  3.39027e-47  1.00906e-47  3.09134e-49  
pL from  10  to  30  1.30507e-48  6.95916e-48  1.21321e-47  1.44141e-47  1.29814e-47  7.2672e-48  2.31759e-48  9.09539e-50  
MODEL_NAME RES
pL from  0  to  1.5  1.77108e-47  7.88094e-47  1.69374e-46  2.07967e-46  1.6601e-46  6.09825e-47  4.60173e-48  0  
pL from  1.5  to  2.5  4.61719e-47  1.40488e-46  2.64619e-46  3.35849e-46  2.91591e-46  1.33237e-46  1.58934e-47  1.1601e-50  
pL from  2.5  to  3.5  5.16244e-47  1.51625e-46  2.62878e-46  3.00698e-46  2.3579e-46  8.99657e-47  1.2036e-47  4.6404e-50  
pL from  3.5  to  4.5  2.14618e-47  6.9954e-47  1.10673e-46  1.27263e-46  8.90956e-47  3.5093e-47  6.03252e-48  5.8005e-50  
pL from  4.5  to  5.5  7.07661e-48  2.43621e-47  3.64271e-47  4.21116e-47  3.66591e-47  1.60674e-47  4.14735e-48  6.38055e-50  
pL from  5.5  to  7.5  3.5383e-48  1.1427e-47  1.95477e-47  2.13458e-47  1.76045e-47  9.19379e-48  2.87125e-48  8.70074e-50  
pL from  7.5  to  10  2.55222e-48  5.42926e-48  9.74483e-48  1.31787e-47  1.05105e-47  6.61257e-48  1.51973e-48  7.19262e-50  
pL from  10  to  30  4.00234e-49  1.57773e-48  2.27959e-48  2.84804e-48  2.3956e-48  1.26741e-48  4.21986e-49  2.11718e-50  
MODEL_NAME MEC (TEM)
pL from  0  to  1.5  1.52833e-49  9.36102e-48  6.38555e-47  1.78108e-46  2.28032e-46  5.13853e-47  5.61184e-49  0  
pL from  1.5  to  2.5  3.86859e-49  1.7337e-47  1.12304e-46  2.97681e-46  4.36419e-46  1.92419e-46  7.3324e-48  0  
pL from  2.5  to  3.5  5.3014e-49  2.20939e-47  1.44313e-46  3.59736e-46  4.86926e-46  2.04061e-46  9.48162e-48  0  
pL from  3.5  to  4.5  2.2925e-49  1.36977e-47  8.33895e-47  1.97527e-46  2.35869e-46  8.85046e-47  4.41664e-48  0  
pL from  4.5  to  5.5  1.28953e-49  4.69962e-48  2.559e-47  6.1095e-47  7.46207e-47  3.17726e-47  2.21727e-48  1.43281e-51  
pL from  5.5  to  7.5  9.31326e-50  1.49012e-48  1.02446e-47  2.4544e-47  3.24281e-47  1.66743e-47  1.40594e-48  3.58202e-52  
pL from  7.5  to  10  3.43874e-50  9.39923e-49  5.24408e-48  1.34684e-47  1.86924e-47  9.6686e-48  1.03162e-48  5.73124e-52  
pL from  10  to  30  3.58202e-51  1.97728e-49  1.11831e-48  2.86204e-48  3.91909e-48  2.13238e-48  2.65249e-49  1.79101e-52  
MODEL_NAME MEC (Nieves)
pL from  0  to  1.5  4.02383e-47  1.53128e-46  2.63013e-46  2.84813e-46  1.52329e-46  1.26967e-47  6.39312e-51  0  
pL from  1.5  to  2.5  8.4044e-47  2.81668e-46  4.7396e-46  5.6138e-46  4.21035e-46  7.5816e-47  3.83587e-49  0  
pL from  2.5  to  3.5  9.29624e-47  3.02823e-46  4.78429e-46  5.47609e-46  4.13114e-46  9.51488e-47  1.04048e-48  0  
pL from  3.5  to  4.5  4.6625e-47  1.43864e-46  2.18626e-46  2.40049e-46  1.71598e-46  4.41029e-47  7.67174e-49  0  
pL from  4.5  to  5.5  1.55545e-47  4.79484e-47  7.3035e-47  8.31425e-47  6.17192e-47  1.84505e-47  3.73998e-49  0  
pL from  5.5  to  7.5  7.39364e-48  2.23056e-47  3.42352e-47  3.97013e-47  3.16555e-47  1.02897e-47  2.54127e-49  0  
pL from  7.5  to  10  4.18877e-48  1.27351e-47  1.98468e-47  2.31226e-47  1.88993e-47  6.49413e-48  1.41927e-49  0  
pL from  10  to  30  8.86086e-49  2.86731e-48  4.55893e-48  5.1813e-48  4.32303e-48  1.51565e-48  4.12356e-50  0  
MODEL_NAME DIS
pL from  0  to  1.5  5.42768e-48  3.9803e-47  1.00412e-46  1.47271e-46  1.46366e-46  5.87999e-47  5.20153e-48  0  
pL from  1.5  to  2.5  1.08554e-48  6.7846e-48  3.01236e-47  6.32325e-47  8.61644e-47  7.01528e-47  1.52653e-47  1.22123e-49  
pL from  2.5  to  3.5  0  5.97045e-48  1.46547e-47  2.25249e-47  3.46015e-47  3.28375e-47  1.58081e-47  2.71384e-49  
pL from  3.5  to  4.5  0  1.35692e-48  5.69906e-48  1.13981e-47  1.11267e-47  1.51975e-47  9.97336e-48  5.97045e-49  
pL from  4.5  to  5.5  2.71384e-49  1.08554e-48  2.98522e-48  5.69906e-48  8.14152e-48  1.12624e-47  8.4129e-48  8.14152e-49  
pL from  5.5  to  7.5  0  6.7846e-49  1.6283e-48  3.93507e-48  5.35983e-48  7.6666e-48  6.03829e-48  7.39521e-49  
pL from  7.5  to  10  0  4.34214e-49  6.51322e-49  1.6283e-48  3.25661e-48  3.79938e-48  3.98934e-48  6.56749e-49  
pL from  10  to  30  1.35692e-50  4.07076e-50  2.57815e-49  5.1563e-49  7.05598e-49  9.02352e-49  9.93944e-49  2.40853e-49  
